--UVVM_FUNCTIONAL_COVERAGE_FILE--
Covpt_3
TB seq.
3
TRUE
0
85770 85870
6
0
100
25
100
25
25
25
1
100
100
90
100
bin_0
1 1 -1
0 1 1 
0 1 200 
0 1 300 
bin_1
1 1 -1
0 1 2 
0 1 200 
0 1 300 
bin_2
1 1 -1
0 1 3 
0 1 200 
0 1 300 
bin_3
1 1 -1
0 1 4 
0 1 200 
0 1 300 
bin_4
1 1 -1
0 1 5 
0 1 200 
0 1 300 
bin_5
1 1 -1
0 1 6 
0 1 200 
0 1 300 
bin_6
1 1 -1
0 1 7 
0 1 200 
0 1 300 
bin_7
1 1 -1
0 1 8 
0 1 200 
0 1 300 
bin_8
1 1 -1
0 1 9 
0 1 200 
0 1 300 
bin_9
1 1 -1
0 1 10 
0 1 200 
0 1 300 
bin_10
1 1 -1
0 1 11 
0 1 200 
0 1 300 
bin_11
1 1 -1
0 1 12 
0 1 200 
0 1 300 
bin_12
1 1 -1
0 1 13 
0 1 200 
0 1 300 
bin_13
1 1 -1
0 1 14 
0 1 200 
0 1 300 
bin_14
1 1 -1
0 1 15 
0 1 200 
0 1 300 
bin_15
1 1 -1
0 1 16 
0 1 200 
0 1 300 
bin_16
1 1 -1
0 1 17 
0 1 200 
0 1 300 
bin_17
1 1 -1
0 1 18 
0 1 200 
0 1 300 
bin_18
1 1 -1
0 1 19 
0 1 200 
0 1 300 
bin_19
1 1 -1
0 1 20 
0 1 200 
0 1 300 
bin_20
1 1 -1
0 1 21 
0 1 200 
0 1 300 
bin_21
1 1 -1
0 1 22 
0 1 200 
0 1 300 
bin_22
1 1 -1
0 1 23 
0 1 200 
0 1 300 
bin_23
1 1 -1
0 1 24 
0 1 200 
0 1 300 
bin_24
1 1 -1
0 1 25 
0 1 200 
0 1 300 
bin_25
0 1 -1
0 1 26 
0 1 200 
0 1 300 
bin_26
0 1 -1
0 1 27 
0 1 200 
0 1 300 
bin_27
0 1 -1
0 1 28 
0 1 200 
0 1 300 
bin_28
0 1 -1
0 1 29 
0 1 200 
0 1 300 
bin_29
0 1 -1
0 1 30 
0 1 200 
0 1 300 
bin_30
0 1 -1
0 1 31 
0 1 200 
0 1 300 
bin_31
0 1 -1
0 1 32 
0 1 200 
0 1 300 
bin_32
0 1 -1
0 1 33 
0 1 200 
0 1 300 
bin_33
0 1 -1
0 1 34 
0 1 200 
0 1 300 
bin_34
0 1 -1
0 1 35 
0 1 200 
0 1 300 
bin_35
0 1 -1
0 1 36 
0 1 200 
0 1 300 
bin_36
0 1 -1
0 1 37 
0 1 200 
0 1 300 
bin_37
0 1 -1
0 1 38 
0 1 200 
0 1 300 
bin_38
0 1 -1
0 1 39 
0 1 200 
0 1 300 
bin_39
0 1 -1
0 1 40 
0 1 200 
0 1 300 
bin_40
0 1 -1
0 1 41 
0 1 200 
0 1 300 
bin_41
0 1 -1
0 1 42 
0 1 200 
0 1 300 
bin_42
0 1 -1
0 1 43 
0 1 200 
0 1 300 
bin_43
0 1 -1
0 1 44 
0 1 200 
0 1 300 
bin_44
0 1 -1
0 1 45 
0 1 200 
0 1 300 
bin_45
0 1 -1
0 1 46 
0 1 200 
0 1 300 
bin_46
0 1 -1
0 1 47 
0 1 200 
0 1 300 
bin_47
0 1 -1
0 1 48 
0 1 200 
0 1 300 
bin_48
0 1 -1
0 1 49 
0 1 200 
0 1 300 
bin_49
0 1 -1
0 1 50 
0 1 200 
0 1 300 
bin_50
0 1 -1
0 1 51 
0 1 200 
0 1 300 
bin_51
0 1 -1
0 1 52 
0 1 200 
0 1 300 
bin_52
0 1 -1
0 1 53 
0 1 200 
0 1 300 
bin_53
0 1 -1
0 1 54 
0 1 200 
0 1 300 
bin_54
0 1 -1
0 1 55 
0 1 200 
0 1 300 
bin_55
0 1 -1
0 1 56 
0 1 200 
0 1 300 
bin_56
0 1 -1
0 1 57 
0 1 200 
0 1 300 
bin_57
0 1 -1
0 1 58 
0 1 200 
0 1 300 
bin_58
0 1 -1
0 1 59 
0 1 200 
0 1 300 
bin_59
0 1 -1
0 1 60 
0 1 200 
0 1 300 
bin_60
0 1 -1
0 1 61 
0 1 200 
0 1 300 
bin_61
0 1 -1
0 1 62 
0 1 200 
0 1 300 
bin_62
0 1 -1
0 1 63 
0 1 200 
0 1 300 
bin_63
0 1 -1
0 1 64 
0 1 200 
0 1 300 
bin_64
0 1 -1
0 1 65 
0 1 200 
0 1 300 
bin_65
0 1 -1
0 1 66 
0 1 200 
0 1 300 
bin_66
0 1 -1
0 1 67 
0 1 200 
0 1 300 
bin_67
0 1 -1
0 1 68 
0 1 200 
0 1 300 
bin_68
0 1 -1
0 1 69 
0 1 200 
0 1 300 
bin_69
0 1 -1
0 1 70 
0 1 200 
0 1 300 
bin_70
0 1 -1
0 1 71 
0 1 200 
0 1 300 
bin_71
0 1 -1
0 1 72 
0 1 200 
0 1 300 
bin_72
0 1 -1
0 1 73 
0 1 200 
0 1 300 
bin_73
0 1 -1
0 1 74 
0 1 200 
0 1 300 
bin_74
0 1 -1
0 1 75 
0 1 200 
0 1 300 
bin_75
0 1 -1
0 1 76 
0 1 200 
0 1 300 
bin_76
0 1 -1
0 1 77 
0 1 200 
0 1 300 
bin_77
0 1 -1
0 1 78 
0 1 200 
0 1 300 
bin_78
0 1 -1
0 1 79 
0 1 200 
0 1 300 
bin_79
0 1 -1
0 1 80 
0 1 200 
0 1 300 
bin_80
0 1 -1
0 1 81 
0 1 200 
0 1 300 
bin_81
0 1 -1
0 1 82 
0 1 200 
0 1 300 
bin_82
0 1 -1
0 1 83 
0 1 200 
0 1 300 
bin_83
0 1 -1
0 1 84 
0 1 200 
0 1 300 
bin_84
0 1 -1
0 1 85 
0 1 200 
0 1 300 
bin_85
0 1 -1
0 1 86 
0 1 200 
0 1 300 
bin_86
0 1 -1
0 1 87 
0 1 200 
0 1 300 
bin_87
0 1 -1
0 1 88 
0 1 200 
0 1 300 
bin_88
0 1 -1
0 1 89 
0 1 200 
0 1 300 
bin_89
0 1 -1
0 1 90 
0 1 200 
0 1 300 
bin_90
0 1 -1
0 1 91 
0 1 200 
0 1 300 
bin_91
0 1 -1
0 1 92 
0 1 200 
0 1 300 
bin_92
0 1 -1
0 1 93 
0 1 200 
0 1 300 
bin_93
0 1 -1
0 1 94 
0 1 200 
0 1 300 
bin_94
0 1 -1
0 1 95 
0 1 200 
0 1 300 
bin_95
0 1 -1
0 1 96 
0 1 200 
0 1 300 
bin_96
0 1 -1
0 1 97 
0 1 200 
0 1 300 
bin_97
0 1 -1
0 1 98 
0 1 200 
0 1 300 
bin_98
0 1 -1
0 1 99 
0 1 200 
0 1 300 
bin_99
0 1 -1
0 1 100 
0 1 200 
0 1 300 
0
