--UVVM_FUNCTIONAL_COVERAGE_FILE--
Cross_D
TB seq.
4
TRUE
0
86154 86254
6
0
10
10
10
10
10
10
1
100
100
50
10
bin_1[1]
1 1 -1
0 1 1 
0 1 200 
0 1 300 
0 1 400 
bin_1[2]
1 1 -1
0 1 2 
0 1 200 
0 1 300 
0 1 400 
bin_1[3]
1 1 -1
0 1 3 
0 1 200 
0 1 300 
0 1 400 
bin_1[4]
1 1 -1
0 1 4 
0 1 200 
0 1 300 
0 1 400 
bin_1[5]
1 1 -1
0 1 5 
0 1 200 
0 1 300 
0 1 400 
bin_1[6]
1 1 -1
0 1 6 
0 1 200 
0 1 300 
0 1 400 
bin_1[7]
1 1 -1
0 1 7 
0 1 200 
0 1 300 
0 1 400 
bin_1[8]
1 1 -1
0 1 8 
0 1 200 
0 1 300 
0 1 400 
bin_1[9]
1 1 -1
0 1 9 
0 1 200 
0 1 300 
0 1 400 
bin_1[10]
1 1 -1
0 1 10 
0 1 200 
0 1 300 
0 1 400 
0
