--UVVM_FUNCTIONAL_COVERAGE_FILE--
Cross_B
TB seq.
2
TRUE
0
85642 85742
4
0
6
0
53
16
16
16
8
50
75
50
6
bin_1
0 1 -1
0 1 10 
0 1 1010 
single
2 8 20
0 1 20 
0 1 1020 
multiple
3 9 30
0 3 30 35 39 
0 3 1030 1035 1039 
range[1]
5 15 40
3 2 40 44 
3 2 1040 1049 
range[2]
5 15 40
3 2 45 49 
3 2 1040 1049 
transition
1 5 50
6 6 50 51 52 53 54 55 
6 6 1050 1051 1052 1053 1054 1055 
8
bin_2
0 0 0
1 1 100 
1 1 1100 
ignore_single
1 0 0
1 1 110 
1 1 1110 
ignore_range
5 0 0
4 2 121 125 
4 2 1121 1125 
ignore_transition
2 0 0
7 4 132 134 136 138 
7 4 1132 1134 1136 1138 
bin_3
0 0 0
2 1 200 
2 1 1200 
illegal_single
1 0 0
2 1 210 
2 1 1210 
illegal_range
4 0 0
5 2 226 229 
5 2 1226 1229 
illegal_transition
1 0 0
8 3 231 237 237 
8 3 1231 1237 1237 
