--UVVM_FUNCTIONAL_COVERAGE_FILE--
Cross_B
TB seq.
2
TRUE
0
85770 85870
4
0
7
4
54
55
43
39
8
50
75
50
7
bin_0
5 1 -1
0 1 10 
0 1 10000 
bin_1
3 1 -1
0 1 10 
0 1 10001 
single
8 8 20
0 1 20 
0 1 1020 
multiple
15 9 30
0 3 30 35 39 
0 3 1030 1035 1039 
range
10 15 40
3 2 40 44 
3 2 1040 1049 
range
10 15 40
3 2 45 49 
3 2 1040 1049 
transition
4 5 50
6 6 50 51 52 53 54 55 
6 6 1050 1051 1052 1053 1054 1055 
10
bin_7
1 0 0
1 1 100 
1 1 20000 
bin_8
1 0 0
1 1 100 
1 1 20001 
ignore_single
1 0 0
1 1 110 
1 1 1110 
ignore_range
5 0 0
4 2 121 125 
4 2 1121 1125 
ignore_transition
2 0 0
7 4 132 134 136 138 
7 4 1132 1134 1136 1138 
bin_12
1 0 0
2 1 200 
2 1 30000 
bin_13
1 0 0
2 1 200 
2 1 30001 
illegal_single
1 0 0
2 1 210 
2 1 1210 
illegal_range
4 0 0
5 2 226 229 
5 2 1226 1229 
illegal_transition
1 0 0
8 3 231 237 237 
8 3 1231 1237 1237 
